00001000100000000000000000000000
01000000100000000000000000000000
00001001000000000000000000000000
01000000000000000000000000000000
00111000100010010000000000000000
00001001100000000000000000000000
01000000000000000000000000000000
00111000100010011000000000000000
00001001100000000000000000000000
01000000101000000000000000000000
10000010000110000000000000000000
01000000000000000000000000000000
00101000101000001000000000000000
10110000100010000000000000000000
00110001100110000000000000000000
00100000000110001000000000000000
00101000100110001000000000000000
00001001100000000000000000000000
01000000000000000000000000000000
00111001000100011000000000000000
01000000000000010000000000000000
00010000000000000000000000000000
01000000100010010000000000000000
00010000100000000000000000000000